                        
   0000                 	org	0
   0000   00            	db	0
                        
   0010                 	org	16
   0010   00            	db	0
                        
   0020                 	org	32
   0020   00            	db	0
                        
   0040                 	org	64
   0040   00            	db	0
                        
   0030                 	org	48
   0030   01            	db	1
                        
   0040                 	org	64
   0040   01            	db	1
                        
   0050                 	org	80
   0050   ff            	db	255
                        
   0060                 	org	96
   0060   00 01         	db	0, 1
                        
   0062                 	end
