originals/0001.jpg 0 0 1760 1168 0 .5 613 260 686 636
originals/0002.jpg 0 0 1760 1168 0 .5 277 246 907 800
originals/0003.jpg 0 0 1760 1168 0 .5 650 390 650 631
originals/0004.jpg 0 0 1760 1168 0 .5 1 95 806 755
originals/0005.jpg 0 0 1760 1168 90 .5 671 186 876 775
originals/0006.jpg 0 0 1760 1168 0 .5 714 243 459 404
originals/0008.jpg 0 0 1760 1168 0 .5 146 91 1335 874
originals/0010.jpg 0 0 1760 1168 0 .5 438 585 287 212
originals/0011.jpg 0 0 1760 1168 0 .5 490 155 1041 930
originals/0012.jpg 0 0 1760 1168 0 .5 964 495 433 422
originals/0013.jpg 0 0 1760 1168 0 .5 350 364 431 282
originals/0014.jpg 0 0 1760 1168 0 .5 451 419 308 233
originals/0015.jpg 0 0 1760 1168 0 .5 146 130 1239 854
originals/0016.jpg 0 0 1760 1168 0 .5 1133 454 188 167
originals/0017.jpg 0 0 1760 1168 0 .5 1129 456 182 165
originals/0018.jpg 0 0 1760 1168 0 .5 1143 641 366 312
originals/0019.jpg 0 0 1760 1168 0 .5 1153 670 374 287
originals/0020.jpg 0 0 1760 1168 0 .5 1190 639 315 321
originals/0021.jpg 0 0 1760 1168 0 .5 915 204 480 385
originals/0022.jpg 0 0 1760 1168 0 .5 1031 584 258 214
originals/0023.jpg 0 0 1760 1168 0 .5 123 143 1312 852
originals/0024.jpg 0 0 1760 1168 0 .5 134 109 1325 839
originals/0025.jpg 0 0 1760 1168 0 .5 658 416 361 351
originals/0026.jpg 0 0 1760 1168 0 .5 594 467 457 382
originals/0027.jpg 0 0 1760 1168 0 .5 83 104 1325 850
originals/0028.jpg 0 0 1760 1168 0 .5 132 136 1312 872
originals/0029.jpg 0 0 1760 1168 0 .5 1031 472 318 211
originals/0030.jpg 0 0 1760 1168 0 .5 1011 467 462 337
originals/0031.jpg 0 0 1760 1168 0 .5 111 123 1367 857
originals/0032.jpg 0 0 1760 1168 0 .5 139 123 1349 841
originals/0033.jpg 0 0 1760 1168 0 .5 169 336 544 426
originals/0034.jpg 270 179 1036 713 0 .5 270 178 1035 712
originals/0035.jpg 0 0 1760 1168 0 .5 315 182 827 742
originals/0036.jpg 403 252 883 541 0 .5 604 403 486 378
originals/0037.jpg 252 123 1100 749 0 .5 513 214 290 265
originals/0038.jpg 293 227 1005 607 0 .5 293 227 1005 606
originals/0039.jpg 214 161 1177 828 0 .5 503 372 449 355
originals/0040.jpg 272 169 1138 815 0 .5 544 375 459 364
originals/0041.jpg 0 0 1760 1168 0 .5 0 0 1760 1168
originals/0042.jpg 0 0 1760 1168 0 .5 715 434 391 235
originals/0043.jpg 0 0 1760 1168 0 .5 712 405 410 254
originals/0044.jpg 0 0 1760 1168 0 .5 694 441 409 240
originals/0045.jpg 0 0 1760 1168 0 .5 903 339 266 234
originals/0046.jpg 0 0 1760 1168 0 .5 905 567 192 174
originals/0048.jpg 0 0 1760 1168 180 .5 0 0 1760 1168
originals/0049.jpg 0 0 1760 1168 -90 .5 412 318 687 531
originals/0050.jpg 0 0 1760 1168 0 .5 214 1 644 607
originals/0051.jpg 0 0 1760 1168 -90 .5 526 286 663 591
originals/0052.jpg 0 0 1760 1168 -90 .5 567 283 644 641
originals/0053.jpg 0 0 1760 1168 0 .5 573 5 836 731
originals/0055.jpg 0 0 1760 1168 90 .5 640 346 553 645
originals/0056.jpg 0 0 1760 1168 -90 .5 497 337 538 500
originals/0057.jpg 0 0 1760 1168 0 .5 374 241 952 677
originals/0058.jpg 0 0 1760 1168 0 .5 309 151 1021 789
originals/0059.jpg 0 0 1760 1168 90 .5 710 375 689 610
originals/0060.jpg 182 77 1303 942 0 .5 453 269 708 547
originals/0061.jpg 216 279 1322 549 0 .5 257 326 550 510
originals/0062.jpg 226 246 1342 535 0 .5 268 283 540 457
originals/0063.jpg 649 383 621 377 0 .5 933 431 306 274
originals/0064.jpg 536 383 780 373 0 .5 903 408 374 341
originals/0065.jpg 580 285 707 560 0 .5 642 347 542 444
originals/0066.jpg 548 323 635 516 0 .5 604 365 528 431
originals/0067.jpg 303 242 1191 555 0 .5 302 241 1190 555
originals/0068.jpg 280 225 1227 582 0 .5 279 224 1227 582
originals/0069.jpg 393 321 848 481 0 .5 443 364 393 374
originals/0070.jpg 95 140 1467 720 0 .5 524 375 275 270
originals/0071.jpg 242 267 1362 612 0 .5 354 329 642 488
originals/0072.jpg 293 318 1223 541 0 .5 430 357 548 456
originals/0073.jpg 278 296 1207 530 0 .5 376 349 585 440
originals/0074.jpg 367 229 1017 664 0 .5 366 228 1017 663
originals/0075.jpg 431 242 870 591 -90 .5 544 344 296 295
originals/0076.jpg 256 156 1223 832 0 .5 255 102 1200 926
originals/0077.jpg 236 142 1237 836 0 .5 236 98 1168 928
originals/0078.jpg 0 0 1760 1168 0 .5 588 247 1147 807
originals/0079.jpg 0 0 1760 1168 0 .5 950 645 467 264
originals/0080.jpg 0 0 1760 1168 0 .5 673 602 674 501
originals/0081.jpg 280 215 1170 842 0 .5 698 557 717 500
originals/0082.jpg 0 0 1760 1168 0 .5 654 531 779 524
originals/0083.jpg 0 0 1760 1168 0 .5 397 292 438 419
originals/0084.jpg 0 0 1760 1168 0 .5 901 347 418 367
originals/0085.jpg 0 0 1760 1168 0 .5 582 375 585 470
originals/0086.jpg 162 314 1168 591 -90 .5 229 429 392 352
originals/0087.jpg 194 364 1162 578 -90 .5 266 456 405 321
originals/0088.jpg 369 410 919 506 90 .5 911 510 376 308
originals/0089.jpg 391 391 1130 547 90 .5 1096 459 417 360
originals/0090.jpg 482 364 1120 547 90 .5 1166 459 423 322
originals/0091.jpg 0 0 806 1214 -90 .5 394 187 341 242
originals/0092.jpg 0 0 1684 2192 0 .5 83 92 1515 1207
originals/0093.jpg 0 0 1164 906 0 .5 268 436 247 186
originals/0094.jpg 0 0 862 1531 90 .5 36 160 796 568
originals/0095.jpg 0 0 1678 2250 0 .5 40 16 1581 1201
originals/0096.jpg 0 0 1678 2214 0 .5 100 108 1493 1137
originals/0097.jpg 0 0 1678 2214 0 .5 0 0 1678 2214
originals/0099.jpg 0 0 1514 2014 90 .5 0 0 1514 2014
originals/0100.jpg 0 0 806 1384 90 .5 217 280 224 218
originals/0103.jpg 0 0 1692 1556 0 .5 81 20 988 814
originals/0104.jpg 0 0 1692 1800 0 .5 409 569 1050 746
originals/0106.jpg 0 0 1428 1442 0 .5 18 4 1384 858
originals/0107.jpg 0 0 1684 2092 0 .5 512 592 1119 976
originals/0108.jpg 0 0 1584 1556 0 .5 410 247 605 467
originals/0109.jpg 0 0 1342 2192 90 .5 0 0 1342 2192
originals/0110.jpg 0 0 1800 1200 0 .5 831 450 442 336
originals/0111.jpg 0 0 1200 814 -90 .5 0 0 1200 814
originals/0113.jpg 263 470 530 925 -90 .5 277 648 517 533
originals/0114.jpg 0 0 1200 1788 0 .5 508 950 507 397
originals/0115.jpg 0 0 1200 1788 -90 .5 419 1044 432 453
originals/0116.jpg 0 0 1776 1176 0 .5 300 495 357 343
originals/0117.jpg 0 0 1179 1800 90 .5 196 410 980 1104
originals/0119.jpg 0 0 1800 1200 0 .5 960 746 569 381
originals/0121.jpg 0 0 1200 1800 0 .5 560 655 510 440
originals/0122.jpg 0 0 1408 1884 0 .5 0 0 1408 1884
originals/0123.jpg 279 490 540 960 -90 .5 285 648 605 593
originals/0124.jpg 0 0 1200 1800 90 .5 330 689 461 458
originals/0126.jpg 0 0 1800 1200 0 .5 532 300 769 611
originals/0127.jpg 336 521 433 798 -90 .5 292 629 541 588
originals/0128.jpg 308 452 481 843 -90 .5 254 575 567 594
originals/0130.jpg 0 0 1200 1788 90 .5 242 529 779 776
originals/0131.jpg 0 0 1776 1188 0 .5 500 223 803 754
originals/0132.jpg 0 0 1779 1188 0 .5 458 280 676 640
originals/0133.jpg 0 0 1570 2120 -90 .5 208 599 913 908
originals/0134.jpg 0 0 2475 3246 0 .5 1441 1168 1009 776
originals/0135.jpg 0 0 2475 3234 0 .5 156 1236 1097 1212
originals/0136.jpg 0 0 2475 3234 0 .5 460 880 925 632
originals/0137.jpg 0 0 2475 3276 0 .5 336 420 1249 911
originals/0138.jpg 0 0 2475 3276 0 .5 392 660 1125 1040
originals/0140.jpg 0 0 2505 3330 0 .5 408 1484 608 568
originals/0141.jpg 0 0 1632 2170 0 .5 48 552 1540 1141
originals/0142.jpg 0 0 1632 2170 90 .5 0 0 1632 2170
originals/0143.jpg 0 0 1634 2170 90 .5 0 0 1634 2170
originals/0118.jpg 0 0 1800 1200 0 .5 820 340 313 225
originals/0120.jpg 0 0 1200 1800 -90 .5 64 163 990 869
originals/0125.jpg 0 0 1800 1200 0 .5 714 404 495 359
originals/0129.jpg 0 0 1200 1788 90 .5 446 388 715 826
originals/0112.jpg 382 558 388 661 -90 .5 441 744 259 334
originals/0007.jpg 0 0 1760 1168 -90 .5 605 162 474 389
originals/0102.jpg 0 0 1692 2340 0 .5 231 128 952 576
originals/0054.jpg 0 0 1760 1168 -90 .5 540 420 291 370
originals/0047.jpg 0 0 1760 1168 90 .5 1050 504 256 283
originals/0009.jpg 0 0 1760 1168 0 .5 494 75 770 806
originals/0139.jpg 0 0 2475 3201 0 .5 637 1065 405 369
originals/0098.jpg 0 0 1678 2214 0 .5 214 74 512 454
originals/0101.jpg 0 0 1692 2340 0 .5 292 292 432 320
originals/0105.jpg 0 0 1692 1800 0 .5 567 1245 503 439
originals/0144.jpg 0 0 1684 2192 0 .5 366 753 579 426
